1 1 752 125 774 136 -1 -1 -1 -1
1 2 668 262 713 278 -1 -1 -1 -1
 1 3 1223 304 1257 329 -1 -1 -1 -1
2 1 754 124 778 134 -1 -1 -1 -1
2 2 669 261 712 279 -1 -1 -1 -1
 2 3 1220 305 1256 328 -1 -1 -1 -1
3 1 753 123 775 136 -1 -1 -1 -1
3 2 669 262 712 279 -1 -1 -1 -1
 3 3 1220 303 1258 329 -1 -1 -1 -1
4 1 752 126 772 136 -1 -1 -1 -1
4 2 670 262 713 278 -1 -1 -1 -1
 4 3 1218 300 1257 329 -1 -1 -1 -1
5 1 752 126 773 136 -1 -1 -1 -1
5 2 670 263 713 278 -1 -1 -1 -1
 5 3 1220 303 1257 330 -1 -1 -1 -1
6 1 749 127 771 137 -1 -1 -1 -1
6 2 672 263 715 279 -1 -1 -1 -1
 6 3 1219 302 1257 330 -1 -1 -1 -1
7 1 750 124 771 137 -1 -1 -1 -1
7 2 671 263 714 278 -1 -1 -1 -1
 7 3 1222 304 1258 331 -1 -1 -1 -1
8 1 748 127 768 137 -1 -1 -1 -1
8 2 671 264 714 278 -1 -1 -1 -1
 8 2 1220 304 1256 330 -1 -1 -1 -1
9 1 748 127 770 138 -1 -1 -1 -1
9 2 673 264 717 278 -1 -1 -1 -1
 9 3 1222 303 1257 331 -1 -1 -1 -1
10 1 748 127 771 136 -1 -1 -1 -1
10 2 673 263 717 279 -1 -1 -1 -1
10 3 1221 303 1258 331 -1 -1 -1 -1
11 1 747 128 768 138 -1 -1 -1 -1
11 2 673 261 718 282 -1 -1 -1 -1
11 3 1223 303 1258 331 -1 -1 -1 -1
12 1 745 126 766 137 -1 -1 -1 -1
12 2 674 264 717 278 -1 -1 -1 -1
12 3 1222 305 1259 331 -1 -1 -1 -1
13 1 747 127 764 137 -1 -1 -1 -1
13 2 676 263 718 278 -1 -1 -1 -1
13 3 1224 305 1258 329 -1 -1 -1 -1
14 1 745 128 761 137 -1 -1 -1 -1
14 2 675 264 718 278 -1 -1 -1 -1
14 3 1223 306 1257 330 -1 -1 -1 -1
15 1 744 128 764 138 -1 -1 -1 -1
15 2 675 264 719 279 -1 -1 -1 -1
15 3 1223 307 1257 331 -1 -1 -1 -1
16 1 744 128 763 138 -1 -1 -1 -1
16 2 677 264 720 279 -1 -1 -1 -1
16 3 1224 305 1258 332 -1 -1 -1 -1
17 1 743 128 762 137 -1 -1 -1 -1
17 2 677 264 721 279 -1 -1 -1 -1
17 3 1223 307 1260 332 -1 -1 -1 -1
18 1 740 128 762 138 -1 -1 -1 -1
18 2 678 264 720 280 -1 -1 -1 -1
18 3 1224 305 1261 330 -1 -1 -1 -1
19 1 743 128 767 138 -1 -1 -1 -1
19 2 679 263 722 280 -1 -1 -1 -1
19 3 1225 307 1259 330 -1 -1 -1 -1
20 1 738 129 760 138 -1 -1 -1 -1
20 2 680 265 722 280 -1 -1 -1 -1
20 3 1226 307 1261 331 -1 -1 -1 -1
21 1 740 130 760 139 -1 -1 -1 -1
21 2 681 264 723 281 -1 -1 -1 -1
21 3 1226 306 1261 331 -1 -1 -1 -1
22 1 738 128 763 140 -1 -1 -1 -1
22 2 681 265 722 279 -1 -1 -1 -1
22 3 1225 305 1261 332 -1 -1 -1 -1
23 1 738 129 753 138 -1 -1 -1 -1
23 2 680 263 725 281 -1 -1 -1 -1
23 3 1225 303 1266 332 -1 -1 -1 -1
24 1 737 130 756 138 -1 -1 -1 -1
24 2 681 264 723 280 -1 -1 -1 -1
24 3 1224 308 1261 331 -1 -1 -1 -1
25 1 737 130 753 137 -1 -1 -1 -1
25 2 683 264 725 280 -1 -1 -1 -1
25 3 1226 306 1267 333 -1 -1 -1 -1
26 1 735 128 763 141 -1 -1 -1 -1
26 2 683 264 727 281 -1 -1 -1 -1
26 3 1226 307 1265 332 -1 -1 -1 -1
27 1 734 129 757 140 -1 -1 -1 -1
27 2 683 264 726 280 -1 -1 -1 -1
27 3 1227 307 1264 332 -1 -1 -1 -1
28 1 735 129 760 140 -1 -1 -1 -1
28 2 684 264 728 280 -1 -1 -1 -1
28 3 1227 308 1264 331 -1 -1 -1 -1
29 1 735 130 756 139 -1 -1 -1 -1
29 2 685 265 727 279 -1 -1 -1 -1
29 3 1225 299 1268 335 -1 -1 -1 -1
30 1 732 129 755 140 -1 -1 -1 -1
30 2 685 264 728 280 -1 -1 -1 -1
30 3 1229 309 1266 332 -1 -1 -1 -1
31 1 732 130 754 140 -1 -1 -1 -1
31 2 686 265 729 280 -1 -1 -1 -1
31 3 1227 307 1263 331 -1 -1 -1 -1
32 1 732 131 749 140 -1 -1 -1 -1
32 2 686 265 730 280 -1 -1 -1 -1
32 3 1227 307 1266 332 -1 -1 -1 -1
33 1 730 129 750 141 -1 -1 -1 -1
33 2 686 264 730 281 -1 -1 -1 -1
33 3 1227 309 1266 333 -1 -1 -1 -1
34 1 729 131 748 140 -1 -1 -1 -1
34 2 687 263 730 282 -1 -1 -1 -1
34 3 1228 305 1268 333 -1 -1 -1 -1
35 1 727 131 746 141 -1 -1 -1 -1
35 2 688 265 731 280 -1 -1 -1 -1
35 3 1228 308 1267 333 -1 -1 -1 -1
36 1 728 132 745 140 -1 -1 -1 -1
36 2 688 265 732 281 -1 -1 -1 -1
36 3 1229 308 1266 333 -1 -1 -1 -1
37 1 726 131 746 140 -1 -1 -1 -1
37 2 689 264 731 280 -1 -1 -1 -1
37 3 1230 308 1267 333 -1 -1 -1 -1
38 1 725 130 747 141 -1 -1 -1 -1
38 2 689 265 732 281 -1 -1 -1 -1
38 3 1227 306 1268 334 -1 -1 -1 -1
39 1 725 130 751 142 -1 -1 -1 -1
39 2 691 264 734 281 -1 -1 -1 -1
39 3 1229 307 1268 334 -1 -1 -1 -1
40 1 725 131 743 141 -1 -1 -1 -1
40 2 692 265 734 281 -1 -1 -1 -1
40 3 1230 308 1268 335 -1 -1 -1 -1
41 1 723 130 748 142 -1 -1 -1 -1
41 2 692 265 736 281 -1 -1 -1 -1
41 3 1229 303 1268 334 -1 -1 -1 -1
42 1 722 131 745 142 -1 -1 -1 -1
42 2 692 264 735 281 -1 -1 -1 -1
42 3 1228 306 1268 335 -1 -1 -1 -1
43 1 721 132 743 142 -1 -1 -1 -1
43 2 692 264 737 281 -1 -1 -1 -1
43 3 1231 308 1268 335 -1 -1 -1 -1
44 1 722 132 744 141 -1 -1 -1 -1
44 2 694 265 736 281 -1 -1 -1 -1
44 3 1232 308 1269 335 -1 -1 -1 -1
45 1 721 130 745 143 -1 -1 -1 -1
45 2 695 264 737 282 -1 -1 -1 -1
45 3 1232 307 1269 336 -1 -1 -1 -1
46 1 720 132 743 142 -1 -1 -1 -1
46 2 694 265 738 282 -1 -1 -1 -1
46 3 1233 309 1269 337 -1 -1 -1 -1
47 1 720 133 738 143 -1 -1 -1 -1
47 2 696 266 737 281 -1 -1 -1 -1
47 3 1232 306 1270 335 -1 -1 -1 -1
48 1 717 132 745 142 -1 -1 -1 -1
48 2 696 264 739 282 -1 -1 -1 -1
48 3 1232 308 1270 336 -1 -1 -1 -1
49 1 717 133 742 143 -1 -1 -1 -1
49 2 696 265 738 282 -1 -1 -1 -1
49 3 1233 307 1268 335 -1 -1 -1 -1
50 1 717 133 737 143 -1 -1 -1 -1
50 2 697 266 738 283 -1 -1 -1 -1
50 3 1232 308 1269 338 -1 -1 -1 -1
51 1 717 132 737 143 -1 -1 -1 -1
51 2 698 267 738 282 -1 -1 -1 -1
51 3 1233 307 1270 336 -1 -1 -1 -1
52 1 715 133 742 144 -1 -1 -1 -1
52 2 698 266 742 283 -1 -1 -1 -1
52 3 1236 309 1272 336 -1 -1 -1 -1
53 1 715 132 739 143 -1 -1 -1 -1
53 2 700 266 741 282 -1 -1 -1 -1
53 3 1236 309 1272 336 -1 -1 -1 -1
54 1 715 131 739 145 -1 -1 -1 -1
54 2 700 267 742 284 -1 -1 -1 -1
54 3 1232 307 1268 337 -1 -1 -1 -1
55 1 714 133 734 142 -1 -1 -1 -1
55 2 699 265 744 284 -1 -1 -1 -1
55 3 1237 308 1268 336 -1 -1 -1 -1
56 1 714 134 734 143 -1 -1 -1 -1
56 2 700 266 744 283 -1 -1 -1 -1
56 3 1235 313 1267 337 -1 -1 -1 -1
57 1 712 135 732 145 -1 -1 -1 -1
57 2 701 266 744 283 -1 -1 -1 -1
57 3 1235 309 1269 337 -1 -1 -1 -1
58 1 711 134 731 144 -1 -1 -1 -1
58 2 702 267 744 284 -1 -1 -1 -1
58 3 1235 310 1272 339 -1 -1 -1 -1
59 1 709 135 734 144 -1 -1 -1 -1
59 2 703 266 745 283 -1 -1 -1 -1
59 3 1236 310 1271 337 -1 -1 -1 -1
60 1 711 135 729 143 -1 -1 -1 -1
60 2 702 267 744 282 -1 -1 -1 -1
60 3 1236 310 1270 336 -1 -1 -1 -1
61 1 709 134 731 144 -1 -1 -1 -1
61 2 702 267 745 282 -1 -1 -1 -1
61 3 1236 310 1269 337 -1 -1 -1 -1
62 1 708 135 727 144 -1 -1 -1 -1
62 2 704 267 746 283 -1 -1 -1 -1
62 3 1236 310 1268 337 -1 -1 -1 -1
63 1 710 135 730 145 -1 -1 -1 -1
63 2 705 268 746 284 -1 -1 -1 -1
63 3 1237 311 1270 338 -1 -1 -1 -1
64 1 707 135 727 144 -1 -1 -1 -1
64 2 706 267 747 284 -1 -1 -1 -1
64 3 1241 315 1270 337 -1 -1 -1 -1
65 1 706 135 726 145 -1 -1 -1 -1
65 2 706 267 748 284 -1 -1 -1 -1
65 3 1237 315 1268 337 -1 -1 -1 -1
66 1 706 137 726 145 -1 -1 -1 -1
66 2 706 266 748 283 -1 -1 -1 -1
66 3 1238 312 1270 338 -1 -1 -1 -1
67 1 705 137 725 145 -1 -1 -1 -1
67 2 706 267 750 284 -1 -1 -1 -1
67 3 1239 315 1270 338 -1 -1 -1 -1
68 1 704 137 723 145 -1 -1 -1 -1
68 2 708 268 751 284 -1 -1 -1 -1
68 3 1240 311 1269 336 -1 -1 -1 -1
69 1 704 137 722 146 -1 -1 -1 -1
69 2 708 267 750 284 -1 -1 -1 -1
69 3 1238 316 1269 338 -1 -1 -1 -1
70 1 705 136 726 145 -1 -1 -1 -1
70 2 708 267 751 284 -1 -1 -1 -1
70 3 1240 317 1272 338 -1 -1 -1 -1
71 1 703 136 726 146 -1 -1 -1 -1
71 2 710 267 751 284 -1 -1 -1 -1
71 3 1240 312 1274 339 -1 -1 -1 -1
72 1 701 136 724 147 -1 -1 -1 -1
72 2 710 267 752 285 -1 -1 -1 -1
72 3 1241 310 1274 339 -1 -1 -1 -1
73 1 698 136 720 146 -1 -1 -1 -1
73 2 710 267 753 284 -1 -1 -1 -1
73 3 1241 313 1272 337 -1 -1 -1 -1
74 1 698 135 717 145 -1 -1 -1 -1
74 2 711 268 753 284 -1 -1 -1 -1
74 3 1241 315 1271 337 -1 -1 -1 -1
75 1 698 137 719 146 -1 -1 -1 -1
75 2 712 268 754 285 -1 -1 -1 -1
75 3 1242 314 1270 337 -1 -1 -1 -1
76 1 699 138 717 146 -1 -1 -1 -1
76 2 712 268 756 285 -1 -1 -1 -1
76 3 1239 316 1271 338 -1 -1 -1 -1
77 1 698 138 717 147 -1 -1 -1 -1
77 2 713 268 754 285 -1 -1 -1 -1
77 3 1240 314 1270 338 -1 -1 -1 -1
78 1 697 137 716 147 -1 -1 -1 -1
78 2 713 268 756 285 -1 -1 -1 -1
78 3 1241 315 1272 338 -1 -1 -1 -1
79 1 696 139 713 147 -1 -1 -1 -1
79 2 713 268 756 284 -1 -1 -1 -1
79 3 1241 316 1269 337 -1 -1 -1 -1
80 1 697 137 716 147 -1 -1 -1 -1
80 2 714 268 755 285 -1 -1 -1 -1
80 3 1241 317 1269 337 -1 -1 -1 -1
81 1 696 139 714 148 -1 -1 -1 -1
81 2 716 269 756 285 -1 -1 -1 -1
81 3 1241 314 1270 339 -1 -1 -1 -1
82 1 696 140 710 147 -1 -1 -1 -1
82 2 715 268 758 284 -1 -1 -1 -1
82 3 1243 319 1273 341 -1 -1 -1 -1
83 1 693 139 712 149 -1 -1 -1 -1
83 2 716 267 759 285 -1 -1 -1 -1
83 3 1245 317 1268 339 -1 -1 -1 -1
84 1 691 140 711 149 -1 -1 -1 -1
84 2 717 268 759 286 -1 -1 -1 -1
84 3 1241 318 1269 337 -1 -1 -1 -1
85 1 691 139 709 148 -1 -1 -1 -1
85 2 717 268 760 285 -1 -1 -1 -1
85 3 1242 317 1270 339 -1 -1 -1 -1
86 1 691 139 708 148 -1 -1 -1 -1
86 2 719 269 761 285 -1 -1 -1 -1
86 3 1244 319 1270 338 -1 -1 -1 -1
87 1 690 140 709 149 -1 -1 -1 -1
87 2 719 269 762 286 -1 -1 -1 -1
87 2 1244 319 1270 339 -1 -1 -1 -1
88 1 689 141 705 148 -1 -1 -1 -1
88 2 719 269 762 285 -1 -1 -1 -1
88 3 1244 319 1273 340 -1 -1 -1 -1
89 1 687 140 705 150 -1 -1 -1 -1
89 2 720 268 762 286 -1 -1 -1 -1
89 3 1247 321 1271 341 -1 -1 -1 -1
90 1 688 141 706 150 -1 -1 -1 -1
90 2 721 269 763 286 -1 -1 -1 -1
90 3 1245 317 1269 340 -1 -1 -1 -1
91 1 687 142 705 149 -1 -1 -1 -1
91 2 721 269 763 285 -1 -1 -1 -1
91 3 1246 318 1270 340 -1 -1 -1 -1
92 1 687 141 710 151 -1 -1 -1 -1
92 2 721 269 765 286 -1 -1 -1 -1
92 3 1245 318 1272 339 -1 -1 -1 -1
93 1 685 141 710 150 -1 -1 -1 -1
93 2 720 269 765 286 -1 -1 -1 -1
93 3 1244 318 1274 339 -1 -1 -1 -1
94 1 683 141 703 150 -1 -1 -1 -1
94 2 722 269 765 286 -1 -1 -1 -1
94 3 1249 319 1270 340 -1 -1 -1 -1
95 1 683 143 703 151 -1 -1 -1 -1
95 2 723 270 765 286 -1 -1 -1 -1
95 3 1249 319 1274 339 -1 -1 -1 -1
96 1 680 141 704 152 -1 -1 -1 -1
96 2 724 269 766 286 -1 -1 -1 -1
96 3 1246 318 1275 340 -1 -1 -1 -1
97 1 682 140 708 152 -1 -1 -1 -1
97 2 724 269 768 287 -1 -1 -1 -1
97 3 1245 317 1274 339 -1 -1 -1 -1
98 1 681 142 702 151 -1 -1 -1 -1
98 2 725 270 768 285 -1 -1 -1 -1
98 3 1248 317 1270 340 -1 -1 -1 -1
99 1 679 141 702 152 -1 -1 -1 -1
99 2 725 269 768 286 -1 -1 -1 -1
99 3 1249 318 1270 340 -1 -1 -1 -1
100 1 677 142 702 151 -1 -1 -1 -1
100 2 726 269 769 287 -1 -1 -1 -1
100 3 1249 319 1277 340 -1 -1 -1 -1
101 1 679 143 700 151 -1 -1 -1 -1
101 2 727 269 769 287 -1 -1 -1 -1
101 3 1249 320 1284 343 -1 -1 -1 -1
102 1 677 142 701 152 -1 -1 -1 -1
102 2 727 269 770 285 -1 -1 -1 -1
102 3 1275 330 1314 353 -1 -1 -1 -1
103 1 678 141 701 152 -1 -1 -1 -1
103 2 728 270 770 286 -1 -1 -1 -1
103 3 1280 332 1314 353 -1 -1 -1 -1
104 1 675 143 702 153 -1 -1 -1 -1
104 2 729 270 772 287 -1 -1 -1 -1
104 3 1277 332 1315 356 -1 -1 -1 -1
105 1 678 142 696 152 -1 -1 -1 -1
105 2 729 270 773 286 -1 -1 -1 -1
105 3 1284 335 1315 355 -1 -1 -1 -1
106 1 675 141 701 154 -1 -1 -1 -1
106 2 730 270 773 287 -1 -1 -1 -1
106 3 1276 332 1312 354 -1 -1 -1 -1
107 1 673 144 696 152 -1 -1 -1 -1
107 2 730 270 773 286 -1 -1 -1 -1
107 3 1277 330 1319 359 -1 -1 -1 -1
108 1 672 142 699 152 -1 -1 -1 -1
108 2 731 270 774 287 -1 -1 -1 -1
108 3 1279 333 1316 355 -1 -1 -1 -1
109 1 670 144 694 151 -1 -1 -1 -1
109 2 731 270 775 287 -1 -1 -1 -1
109 3 1281 328 1318 357 -1 -1 -1 -1
110 1 672 144 695 153 -1 -1 -1 -1
110 2 731 270 775 287 -1 -1 -1 -1
110 3 1279 329 1318 356 -1 -1 -1 -1
111 1 673 144 692 153 -1 -1 -1 -1
111 2 731 270 776 287 -1 -1 -1 -1
111 3 1283 332 1314 354 -1 -1 -1 -1
112 1 669 142 692 153 -1 -1 -1 -1
112 2 734 270 774 286 -1 -1 -1 -1
112 3 1277 331 1315 354 -1 -1 -1 -1
113 1 669 144 689 154 -1 -1 -1 -1
113 2 733 270 777 286 -1 -1 -1 -1
113 3 1275 332 1319 357 -1 -1 -1 -1
114 1 670 146 688 153 -1 -1 -1 -1
114 2 734 270 776 287 -1 -1 -1 -1
114 3 1276 333 1313 354 -1 -1 -1 -1
115 1 668 145 690 155 -1 -1 -1 -1
115 2 735 270 777 288 -1 -1 -1 -1
115 3 1281 333 1315 356 -1 -1 -1 -1
116 1 670 147 686 155 -1 -1 -1 -1
116 2 735 270 778 287 -1 -1 -1 -1
116 3 1279 332 1317 358 -1 -1 -1 -1
117 1 667 145 687 155 -1 -1 -1 -1
117 2 736 272 780 290 -1 -1 -1 -1
117 3 1279 331 1316 357 -1 -1 -1 -1
118 1 666 145 688 154 -1 -1 -1 -1
118 2 735 270 779 288 -1 -1 -1 -1
118 3 1278 332 1317 356 -1 -1 -1 -1
119 1 666 144 688 155 -1 -1 -1 -1
119 2 737 270 781 289 -1 -1 -1 -1
119 3 1280 332 1317 357 -1 -1 -1 -1
120 1 663 146 689 155 -1 -1 -1 -1
120 2 738 271 781 289 -1 -1 -1 -1
120 3 1268 326 1320 361 -1 -1 -1 -1
121 1 664 144 686 157 -1 -1 -1 -1
121 2 737 271 782 288 -1 -1 -1 -1
121 3 1271 337 1318 357 -1 -1 -1 -1
122 1 664 147 685 155 -1 -1 -1 -1
122 2 739 270 782 288 -1 -1 -1 -1
122 3 1272 337 1317 357 -1 -1 -1 -1
123 1 666 148 679 155 -1 -1 -1 -1
123 2 739 271 780 287 -1 -1 -1 -1
123 3 1269 338 1317 356 -1 -1 -1 -1
124 1 663 145 685 157 -1 -1 -1 -1
124 2 739 271 782 288 -1 -1 -1 -1
124 3 1270 340 1319 360 -1 -1 -1 -1
125 1 662 147 680 156 -1 -1 -1 -1
125 2 740 271 783 288 -1 -1 -1 -1
125 3 1271 330 1318 355 -1 -1 -1 -1
126 1 661 148 678 156 -1 -1 -1 -1
126 2 741 271 782 288 -1 -1 -1 -1
126 3 1269 333 1319 357 -1 -1 -1 -1
127 1 662 147 680 157 -1 -1 -1 -1
127 2 742 271 784 288 -1 -1 -1 -1
127 3 1264 332 1320 359 -1 -1 -1 -1
128 1 659 146 683 158 -1 -1 -1 -1
128 2 741 272 786 288 -1 -1 -1 -1
128 3 1280 332 1319 358 -1 -1 -1 -1
129 1 658 147 678 157 -1 -1 -1 -1
129 2 743 271 785 288 -1 -1 -1 -1
129 3 1271 333 1319 356 -1 -1 -1 -1
130 1 658 148 678 157 -1 -1 -1 -1
130 2 744 272 785 288 -1 -1 -1 -1
130 3 1275 331 1318 357 -1 -1 -1 -1
131 1 659 148 673 156 -1 -1 -1 -1
131 2 743 272 788 288 -1 -1 -1 -1
131 3 1270 330 1318 358 -1 -1 -1 -1
132 1 654 148 677 158 -1 -1 -1 -1
132 2 745 272 789 288 -1 -1 -1 -1
132 3 1270 329 1322 359 -1 -1 -1 -1
133 1 655 149 675 157 -1 -1 -1 -1
133 2 744 273 787 289 -1 -1 -1 -1
133 3 1269 326 1320 356 -1 -1 -1 -1
134 1 659 150 677 157 -1 -1 -1 -1
134 2 747 272 789 289 -1 -1 -1 -1
134 3 1282 336 1319 358 -1 -1 -1 -1
135 1 653 149 675 157 -1 -1 -1 -1
135 2 746 272 789 290 -1 -1 -1 -1
135 3 1283 335 1319 358 -1 -1 -1 -1
136 1 651 147 675 157 -1 -1 -1 -1
136 2 747 272 791 289 -1 -1 -1 -1
136 3 1281 336 1322 359 -1 -1 -1 -1
137 1 650 149 676 159 -1 -1 -1 -1
137 2 747 270 791 290 -1 -1 -1 -1
137 3 1288 339 1320 358 -1 -1 -1 -1
138 1 653 148 669 158 -1 -1 -1 -1
138 2 748 272 791 290 -1 -1 -1 -1
138 3 1287 338 1321 358 -1 -1 -1 -1
139 1 653 150 673 158 -1 -1 -1 -1
139 2 748 272 793 289 -1 -1 -1 -1
139 3 1286 339 1321 360 -1 -1 -1 -1
140 1 652 149 671 159 -1 -1 -1 -1
140 2 749 272 791 290 -1 -1 -1 -1
140 3 1287 340 1321 358 -1 -1 -1 -1
141 1 649 149 669 159 -1 -1 -1 -1
141 2 749 273 794 289 -1 -1 -1 -1
141 3 1288 338 1323 359 -1 -1 -1 -1
142 1 647 151 668 158 -1 -1 -1 -1
142 2 750 273 793 290 -1 -1 -1 -1
142 3 1289 343 1323 359 -1 -1 -1 -1
143 1 649 151 666 159 -1 -1 -1 -1
143 2 751 272 793 291 -1 -1 -1 -1
143 3 1288 340 1323 358 -1 -1 -1 -1
144 1 647 151 667 159 -1 -1 -1 -1
144 2 751 272 795 290 -1 -1 -1 -1
144 3 1288 340 1323 361 -1 -1 -1 -1
145 1 644 149 663 160 -1 -1 -1 -1
145 2 754 272 794 289 -1 -1 -1 -1
145 3 1288 341 1322 358 -1 -1 -1 -1
146 1 646 151 673 161 -1 -1 -1 -1
146 2 754 272 795 292 -1 -1 -1 -1
146 3 1289 341 1324 361 -1 -1 -1 -1
147 1 646 151 665 158 -1 -1 -1 -1
147 2 755 272 796 289 -1 -1 -1 -1
147 3 1293 341 1322 359 -1 -1 -1 -1
148 1 646 152 667 159 -1 -1 -1 -1
148 2 754 272 797 290 -1 -1 -1 -1
148 3 1294 340 1326 360 -1 -1 -1 -1
149 1 644 151 671 159 -1 -1 -1 -1
149 2 755 271 797 290 -1 -1 -1 -1
149 3 1293 340 1326 362 -1 -1 -1 -1
150 1 643 151 667 160 -1 -1 -1 -1
150 2 755 273 799 290 -1 -1 -1 -1
150 3 1293 344 1326 362 -1 -1 -1 -1
151 1 641 152 666 160 -1 -1 -1 -1
151 2 757 272 798 291 -1 -1 -1 -1
151 3 1294 342 1325 363 -1 -1 -1 -1
152 1 641 152 665 160 -1 -1 -1 -1
152 2 756 274 798 290 -1 -1 -1 -1
152 3 1303 344 1329 364 -1 -1 -1 -1
153 1 641 152 669 161 -1 -1 -1 -1
153 2 757 273 799 291 -1 -1 -1 -1
153 3 1303 343 1326 362 -1 -1 -1 -1
154 1 640 152 662 161 -1 -1 -1 -1
154 2 758 272 801 290 -1 -1 -1 -1
154 3 1303 343 1326 362 -1 -1 -1 -1
155 1 639 152 667 160 -1 -1 -1 -1
155 2 757 273 802 292 -1 -1 -1 -1
155 3 1300 343 1326 364 -1 -1 -1 -1
156 1 642 150 669 161 -1 -1 -1 -1
156 2 758 273 801 291 -1 -1 -1 -1
156 3 1300 344 1327 363 -1 -1 -1 -1
157 1 637 152 662 163 -1 -1 -1 -1
157 2 758 274 800 292 -1 -1 -1 -1
157 3 1301 344 1326 362 -1 -1 -1 -1
158 1 640 154 659 163 -1 -1 -1 -1
158 2 760 273 802 291 -1 -1 -1 -1
158 3 1302 347 1328 362 -1 -1 -1 -1
159 1 638 152 663 163 -1 -1 -1 -1
159 2 760 272 804 291 -1 -1 -1 -1
159 3 1302 345 1328 363 -1 -1 -1 -1
160 1 634 153 656 162 -1 -1 -1 -1
160 2 761 274 801 290 -1 -1 -1 -1
160 3 1303 344 1328 365 -1 -1 -1 -1
161 1 633 155 654 162 -1 -1 -1 -1
161 2 762 273 805 292 -1 -1 -1 -1
161 3 1305 345 1327 364 -1 -1 -1 -1
162 1 631 153 654 163 -1 -1 -1 -1
162 2 760 274 805 292 -1 -1 -1 -1
162 3 1299 340 1330 364 -1 -1 -1 -1
163 1 632 153 652 163 -1 -1 -1 -1
163 2 762 275 804 291 -1 -1 -1 -1
163 3 1304 344 1330 366 -1 -1 -1 -1
164 1 631 153 654 164 -1 -1 -1 -1
164 2 763 273 805 292 -1 -1 -1 -1
164 3 1303 343 1331 366 -1 -1 -1 -1
165 1 631 153 651 164 -1 -1 -1 -1
165 2 762 274 806 292 -1 -1 -1 -1
165 3 1299 344 1330 366 -1 -1 -1 -1
166 1 632 156 649 164 -1 -1 -1 -1
166 2 764 274 807 291 -1 -1 -1 -1
166 3 1302 344 1332 365 -1 -1 -1 -1
167 1 630 154 652 164 -1 -1 -1 -1
167 2 766 273 810 293 -1 -1 -1 -1
167 3 1304 343 1330 365 -1 -1 -1 -1
168 1 629 154 652 164 -1 -1 -1 -1
168 2 765 273 808 293 -1 -1 -1 -1
168 3 1304 342 1336 365 -1 -1 -1 -1
169 1 630 154 652 164 -1 -1 -1 -1
169 2 766 272 807 292 -1 -1 -1 -1
169 3 1302 344 1333 366 -1 -1 -1 -1
170 1 628 156 648 165 -1 -1 -1 -1
170 2 767 274 809 292 -1 -1 -1 -1
170 3 1300 342 1331 366 -1 -1 -1 -1
171 1 630 154 648 165 -1 -1 -1 -1
171 2 767 274 810 293 -1 -1 -1 -1
171 3 1305 345 1332 364 -1 -1 -1 -1
172 1 627 157 649 166 -1 -1 -1 -1
172 2 769 275 811 292 -1 -1 -1 -1
172 3 1304 345 1333 367 -1 -1 -1 -1
173 1 626 155 645 165 -1 -1 -1 -1
173 2 768 275 812 293 -1 -1 -1 -1
173 3 1303 344 1331 364 -1 -1 -1 -1
174 1 627 156 647 166 -1 -1 -1 -1
174 2 768 275 813 293 -1 -1 -1 -1
174 3 1299 344 1332 365 -1 -1 -1 -1
175 1 625 154 646 166 -1 -1 -1 -1
175 2 767 274 811 293 -1 -1 -1 -1
175 3 1299 344 1334 365 -1 -1 -1 -1
176 1 625 154 648 166 -1 -1 -1 -1
176 2 770 275 811 292 -1 -1 -1 -1
176 3 1300 345 1333 366 -1 -1 -1 -1
177 1 623 156 652 167 -1 -1 -1 -1
177 2 770 276 814 293 -1 -1 -1 -1
177 3 1296 343 1338 366 -1 -1 -1 -1
178 1 623 157 646 167 -1 -1 -1 -1
178 2 772 275 815 293 -1 -1 -1 -1
178 3 1300 345 1333 365 -1 -1 -1 -1
179 1 620 156 643 168 -1 -1 -1 -1
179 2 771 276 816 292 -1 -1 -1 -1
179 3 1299 343 1333 366 -1 -1 -1 -1
180 1 621 158 641 166 -1 -1 -1 -1
180 2 771 277 814 293 -1 -1 -1 -1
180 3 1300 342 1335 368 -1 -1 -1 -1
181 1 619 158 643 166 -1 -1 -1 -1
181 2 773 274 816 293 -1 -1 -1 -1
181 3 1299 344 1336 368 -1 -1 -1 -1
182 1 621 155 640 166 -1 -1 -1 -1
182 2 773 275 816 294 -1 -1 -1 -1
182 3 1306 345 1336 365 -1 -1 -1 -1
183 1 617 155 643 168 -1 -1 -1 -1
183 2 773 274 819 294 -1 -1 -1 -1
183 3 1307 346 1337 366 -1 -1 -1 -1
184 1 617 159 638 168 -1 -1 -1 -1
184 2 775 276 818 292 -1 -1 -1 -1
184 3 1307 348 1333 366 -1 -1 -1 -1
185 1 618 157 638 168 -1 -1 -1 -1
185 2 774 275 818 294 -1 -1 -1 -1
185 3 1304 347 1338 369 -1 -1 -1 -1
186 1 616 158 637 168 -1 -1 -1 -1
186 2 774 275 820 294 -1 -1 -1 -1
186 3 1307 348 1334 367 -1 -1 -1 -1
187 1 613 158 634 167 -1 -1 -1 -1
187 2 776 275 818 295 -1 -1 -1 -1
187 3 1306 348 1335 368 -1 -1 -1 -1
188 1 614 160 633 167 -1 -1 -1 -1
188 2 775 275 819 294 -1 -1 -1 -1
188 3 1307 348 1337 367 -1 -1 -1 -1
189 1 613 158 632 168 -1 -1 -1 -1
189 2 776 275 819 294 -1 -1 -1 -1
189 3 1309 348 1333 367 -1 -1 -1 -1
190 1 613 158 630 168 -1 -1 -1 -1
190 2 778 277 822 293 -1 -1 -1 -1
190 3 1307 349 1335 366 -1 -1 -1 -1
191 1 613 158 631 168 -1 -1 -1 -1
191 2 778 277 819 294 -1 -1 -1 -1
191 3 1308 347 1336 369 -1 -1 -1 -1
192 1 612 159 630 168 -1 -1 -1 -1
192 2 780 278 822 293 -1 -1 -1 -1
192 3 1308 349 1335 369 -1 -1 -1 -1
193 1 612 160 631 168 -1 -1 -1 -1
193 2 780 276 823 294 -1 -1 -1 -1
193 3 1306 347 1336 369 -1 -1 -1 -1
194 1 610 160 628 168 -1 -1 -1 -1
194 2 780 276 823 295 -1 -1 -1 -1
194 3 1307 347 1338 368 -1 -1 -1 -1
195 1 610 160 626 168 -1 -1 -1 -1
195 2 780 277 825 295 -1 -1 -1 -1
195 3 1306 347 1336 369 -1 -1 -1 -1
196 1 608 159 631 169 -1 -1 -1 -1
196 2 781 276 825 295 -1 -1 -1 -1
196 3 1308 348 1337 368 -1 -1 -1 -1
197 1 609 162 625 168 -1 -1 -1 -1
197 2 782 277 824 293 -1 -1 -1 -1
197 3 1308 348 1337 368 -1 -1 -1 -1
198 1 608 161 627 168 -1 -1 -1 -1
198 2 782 277 827 294 -1 -1 -1 -1
198 3 1305 346 1338 368 -1 -1 -1 -1
199 1 609 161 628 169 -1 -1 -1 -1
199 2 785 277 827 295 -1 -1 -1 -1
199 3 1310 349 1339 368 -1 -1 -1 -1
200 1 608 162 624 169 -1 -1 -1 -1
200 2 784 276 827 294 -1 -1 -1 -1
200 3 1318 353 1339 370 -1 -1 -1 -1
201 1 606 161 620 168 -1 -1 -1 -1
201 2 784 278 826 295 -1 -1 -1 -1
201 3 1309 350 1337 370 -1 -1 -1 -1
202 1 605 163 620 169 -1 -1 -1 -1
202 2 783 276 828 294 -1 -1 -1 -1
202 3 1308 350 1337 368 -1 -1 -1 -1
203 1 606 162 624 171 -1 -1 -1 -1
203 2 785 277 831 295 -1 -1 -1 -1
203 3 1310 350 1338 369 -1 -1 -1 -1
204 1 604 162 622 171 -1 -1 -1 -1
204 2 787 276 831 295 -1 -1 -1 -1
204 3 1312 349 1342 369 -1 -1 -1 -1
205 1 601 163 622 171 -1 -1 -1 -1
205 2 788 276 828 296 -1 -1 -1 -1
205 3 1305 349 1340 371 -1 -1 -1 -1
206 1 602 163 620 171 -1 -1 -1 -1
206 2 787 278 830 295 -1 -1 -1 -1
206 3 1307 348 1338 370 -1 -1 -1 -1
207 1 599 162 621 171 -1 -1 -1 -1
207 2 787 277 831 295 -1 -1 -1 -1
207 3 1307 347 1342 372 -1 -1 -1 -1
208 1 602 164 619 172 -1 -1 -1 -1
208 2 788 278 832 294 -1 -1 -1 -1
208 3 1308 351 1339 370 -1 -1 -1 -1
209 1 600 163 620 172 -1 -1 -1 -1
209 2 790 278 832 295 -1 -1 -1 -1
209 3 1308 349 1339 371 -1 -1 -1 -1
210 1 601 164 617 172 -1 -1 -1 -1
210 2 790 276 834 297 -1 -1 -1 -1
210 3 1311 352 1339 371 -1 -1 -1 -1
211 1 596 165 619 174 -1 -1 -1 -1
211 2 790 276 834 295 -1 -1 -1 -1
211 3 1311 349 1341 371 -1 -1 -1 -1
212 1 599 162 619 172 -1 -1 -1 -1
212 2 791 278 834 295 -1 -1 -1 -1
212 3 1313 350 1340 369 -1 -1 -1 -1
213 1 596 164 617 172 -1 -1 -1 -1
213 2 791 278 835 295 -1 -1 -1 -1
213 3 1316 353 1340 370 -1 -1 -1 -1
214 1 594 164 617 173 -1 -1 -1 -1
214 2 793 277 836 297 -1 -1 -1 -1
215 1 594 163 617 175 -1 -1 -1 -1
215 2 791 277 835 297 -1 -1 -1 -1
216 1 592 162 621 174 -1 -1 -1 -1
216 2 792 277 836 297 -1 -1 -1 -1
217 1 593 161 619 175 -1 -1 -1 -1
217 2 794 279 838 298 -1 -1 -1 -1
218 1 592 162 614 174 -1 -1 -1 -1
218 2 794 277 837 296 -1 -1 -1 -1
219 1 591 161 621 174 -1 -1 -1 -1
219 2 796 279 838 296 -1 -1 -1 -1
220 1 589 163 620 175 -1 -1 -1 -1
220 2 796 277 838 296 -1 -1 -1 -1
221 1 589 166 620 182 -1 -1 -1 -1
221 2 795 278 839 296 -1 -1 -1 -1
222 1 588 161 612 174 -1 -1 -1 -1
222 2 796 277 839 297 -1 -1 -1 -1
223 1 587 165 610 175 -1 -1 -1 -1
223 2 797 278 839 297 -1 -1 -1 -1
224 1 588 165 610 175 -1 -1 -1 -1
224 2 797 279 842 297 -1 -1 -1 -1
225 1 585 165 608 176 -1 -1 -1 -1
225 2 798 279 842 296 -1 -1 -1 -1
226 1 585 164 608 175 -1 -1 -1 -1
226 2 799 278 843 297 -1 -1 -1 -1
227 1 584 163 615 176 -1 -1 -1 -1
227 2 799 277 842 297 -1 -1 -1 -1
228 1 584 164 614 176 -1 -1 -1 -1
228 2 802 278 842 296 -1 -1 -1 -1
229 1 584 165 604 174 -1 -1 -1 -1
229 2 802 279 842 297 -1 -1 -1 -1
230 1 587 168 603 177 -1 -1 -1 -1
230 2 801 279 844 297 -1 -1 -1 -1
231 1 582 167 602 177 -1 -1 -1 -1
231 2 802 279 845 296 -1 -1 -1 -1
232 1 583 164 611 177 -1 -1 -1 -1
232 2 803 278 845 296 -1 -1 -1 -1
233 1 582 167 601 177 -1 -1 -1 -1
233 2 804 280 845 296 -1 -1 -1 -1
234 1 580 165 610 178 -1 -1 -1 -1
234 2 804 279 846 297 -1 -1 -1 -1
235 1 578 166 603 177 -1 -1 -1 -1
235 2 803 279 846 298 -1 -1 -1 -1
236 1 577 167 607 179 -1 -1 -1 -1
236 2 804 280 847 297 -1 -1 -1 -1
237 1 578 166 603 178 -1 -1 -1 -1
237 2 805 279 847 297 -1 -1 -1 -1
238 1 577 163 607 179 -1 -1 -1 -1
238 2 805 279 849 297 -1 -1 -1 -1
239 1 577 168 598 177 -1 -1 -1 -1
239 2 807 279 849 297 -1 -1 -1 -1
240 1 576 166 598 179 -1 -1 -1 -1
240 2 807 279 849 298 -1 -1 -1 -1
241 1 576 167 603 179 -1 -1 -1 -1
241 2 808 279 852 298 -1 -1 -1 -1
242 1 576 167 601 177 -1 -1 -1 -1
242 2 808 279 852 297 -1 -1 -1 -1
243 1 573 168 598 181 -1 -1 -1 -1
243 2 808 280 851 297 -1 -1 -1 -1
244 1 572 167 597 179 -1 -1 -1 -1
244 2 810 280 851 297 -1 -1 -1 -1
245 1 572 168 592 179 -1 -1 -1 -1
245 2 810 281 853 297 -1 -1 -1 -1
246 1 570 168 594 180 -1 -1 -1 -1
246 2 811 281 853 297 -1 -1 -1 -1
247 1 571 168 590 179 -1 -1 -1 -1
247 2 811 280 853 297 -1 -1 -1 -1
248 1 569 169 588 179 -1 -1 -1 -1
248 2 812 280 854 298 -1 -1 -1 -1
249 1 568 169 591 180 -1 -1 -1 -1
249 2 812 280 856 299 -1 -1 -1 -1
250 1 568 169 590 180 -1 -1 -1 -1
250 2 813 281 857 298 -1 -1 -1 -1
251 1 571 168 598 182 -1 -1 -1 -1
251 2 813 280 857 300 -1 -1 -1 -1
252 1 568 168 597 181 -1 -1 -1 -1
252 2 815 281 857 298 -1 -1 -1 -1
253 1 566 166 596 183 -1 -1 -1 -1
253 2 816 281 858 298 -1 -1 -1 -1
254 1 564 171 591 180 -1 -1 -1 -1
254 2 815 280 858 299 -1 -1 -1 -1
255 1 566 171 592 182 -1 -1 -1 -1
255 2 817 281 859 298 -1 -1 -1 -1
256 1 564 171 588 182 -1 -1 -1 -1
256 2 817 280 859 298 -1 -1 -1 -1
257 1 566 172 586 181 -1 -1 -1 -1
257 2 818 281 860 298 -1 -1 -1 -1
258 1 561 171 581 181 -1 -1 -1 -1
258 2 818 280 860 299 -1 -1 -1 -1
259 1 561 171 587 183 -1 -1 -1 -1
259 2 818 281 861 298 -1 -1 -1 -1
260 1 562 171 585 183 -1 -1 -1 -1
260 2 816 280 862 298 -1 -1 -1 -1
261 1 562 172 586 183 -1 -1 -1 -1
261 2 820 281 863 299 -1 -1 -1 -1
262 1 560 173 581 183 -1 -1 -1 -1
262 2 820 281 863 299 -1 -1 -1 -1
263 1 560 171 588 184 -1 -1 -1 -1
263 2 822 281 864 298 -1 -1 -1 -1
264 1 560 169 583 184 -1 -1 -1 -1
264 2 822 282 865 298 -1 -1 -1 -1
264 3 1305 346 1343 375 -1 -1 -1 -1
265 1 560 172 581 185 -1 -1 -1 -1
265 2 823 282 864 299 -1 -1 -1 -1
265 3 1308 348 1342 373 -1 -1 -1 -1
266 1 559 174 579 185 -1 -1 -1 -1
266 2 823 282 865 299 -1 -1 -1 -1
266 3 1312 353 1340 373 -1 -1 -1 -1
267 1 557 170 586 186 -1 -1 -1 -1
267 2 823 282 866 299 -1 -1 -1 -1
267 3 1310 350 1342 376 -1 -1 -1 -1
268 1 559 172 582 184 -1 -1 -1 -1
268 2 824 281 866 299 -1 -1 -1 -1
268 3 1308 349 1342 375 -1 -1 -1 -1
269 1 556 174 578 186 -1 -1 -1 -1
269 2 824 282 867 300 -1 -1 -1 -1
269 3 1311 352 1344 378 -1 -1 -1 -1
270 1 555 173 582 186 -1 -1 -1 -1
270 2 825 282 870 300 -1 -1 -1 -1
271 1 556 174 575 186 -1 -1 -1 -1
271 2 825 281 868 300 -1 -1 -1 -1
272 1 553 174 574 185 -1 -1 -1 -1
272 2 826 280 870 299 -1 -1 -1 -1
273 1 553 175 572 185 -1 -1 -1 -1
273 2 827 281 871 300 -1 -1 -1 -1
274 1 552 173 582 186 -1 -1 -1 -1
274 2 828 282 871 299 -1 -1 -1 -1
275 1 551 175 575 187 -1 -1 -1 -1
275 2 826 282 871 299 -1 -1 -1 -1
276 1 551 176 572 186 -1 -1 -1 -1
276 2 828 281 871 299 -1 -1 -1 -1
277 1 550 176 573 186 -1 -1 -1 -1
277 2 829 282 873 299 -1 -1 -1 -1
278 1 549 175 569 186 -1 -1 -1 -1
278 2 826 281 874 300 -1 -1 -1 -1
279 1 551 176 570 186 -1 -1 -1 -1
279 2 829 281 873 299 -1 -1 -1 -1
280 1 547 177 567 187 -1 -1 -1 -1
280 2 831 281 874 300 -1 -1 -1 -1
281 1 546 177 572 189 -1 -1 -1 -1
281 2 831 281 874 299 -1 -1 -1 -1
282 1 547 177 568 186 -1 -1 -1 -1
282 2 833 283 876 299 -1 -1 -1 -1
283 1 547 178 571 187 -1 -1 -1 -1
283 2 833 282 875 300 -1 -1 -1 -1
284 1 546 179 563 186 -1 -1 -1 -1
284 2 834 283 875 300 -1 -1 -1 -1
285 1 546 177 568 188 -1 -1 -1 -1
285 2 834 282 878 300 -1 -1 -1 -1
286 1 544 177 571 189 -1 -1 -1 -1
286 2 834 282 877 300 -1 -1 -1 -1
287 1 542 178 566 188 -1 -1 -1 -1
287 2 835 283 878 300 -1 -1 -1 -1
287 3 1313 354 1343 374 -1 -1 -1 -1
288 1 541 175 569 188 -1 -1 -1 -1
288 2 834 282 877 301 -1 -1 -1 -1
289 1 540 178 559 187 -1 -1 -1 -1
289 2 835 282 880 301 -1 -1 -1 -1
290 1 539 180 558 188 -1 -1 -1 -1
290 2 836 282 878 301 -1 -1 -1 -1
291 1 538 180 556 188 -1 -1 -1 -1
291 2 837 282 881 301 -1 -1 -1 -1
292 1 538 181 555 188 -1 -1 -1 -1
292 2 838 283 880 300 -1 -1 -1 -1
293 1 537 181 555 189 -1 -1 -1 -1
293 2 839 283 882 300 -1 -1 -1 -1
294 1 537 180 556 189 -1 -1 -1 -1
294 2 840 283 881 300 -1 -1 -1 -1
294 3 1311 353 1342 375 -1 -1 -1 -1
295 1 536 178 566 191 -1 -1 -1 -1
295 2 840 282 884 300 -1 -1 -1 -1
296 1 535 179 557 189 -1 -1 -1 -1
296 2 840 283 883 301 -1 -1 -1 -1
296 3 1314 354 1343 375 -1 -1 -1 -1
297 1 535 179 555 190 -1 -1 -1 -1
297 2 842 283 884 301 -1 -1 -1 -1
297 3 1308 351 1344 376 -1 -1 -1 -1
298 1 533 181 556 192 -1 -1 -1 -1
298 2 841 283 883 302 -1 -1 -1 -1
298 3 1310 352 1343 377 -1 -1 -1 -1
299 1 536 179 555 190 -1 -1 -1 -1
299 2 842 284 885 301 -1 -1 -1 -1
299 3 1310 353 1341 376 -1 -1 -1 -1
300 1 535 180 556 191 -1 -1 -1 -1
300 2 843 283 884 300 -1 -1 -1 -1
300 3 1310 351 1338 374 -1 -1 -1 -1
301 1 532 175 563 193 -1 -1 -1 -1
301 2 844 283 887 301 -1 -1 -1 -1
301 3 1308 349 1337 373 -1 -1 -1 -1
302 1 534 183 553 191 -1 -1 -1 -1
302 2 843 284 887 301 -1 -1 -1 -1
302 3 1307 350 1338 374 -1 -1 -1 -1
303 1 530 182 551 190 -1 -1 -1 -1
303 2 845 283 887 301 -1 -1 -1 -1
303 3 1308 351 1339 375 -1 -1 -1 -1
304 1 530 182 551 190 -1 -1 -1 -1
304 2 846 284 889 301 -1 -1 -1 -1
304 3 1308 352 1341 377 -1 -1 -1 -1
305 1 532 183 552 190 -1 -1 -1 -1
305 2 846 282 890 301 -1 -1 -1 -1
305 3 1308 351 1338 375 -1 -1 -1 -1
306 1 530 182 549 193 -1 -1 -1 -1
306 2 845 283 889 301 -1 -1 -1 -1
306 3 1308 349 1339 375 -1 -1 -1 -1
307 1 530 181 554 192 -1 -1 -1 -1
307 2 848 283 889 300 -1 -1 -1 -1
308 1 528 182 550 191 -1 -1 -1 -1
308 2 848 284 890 301 -1 -1 -1 -1
308 3 1310 352 1339 376 -1 -1 -1 -1
309 1 528 183 547 192 -1 -1 -1 -1
309 2 849 283 891 301 -1 -1 -1 -1
309 3 1310 351 1338 375 -1 -1 -1 -1
310 1 527 182 548 193 -1 -1 -1 -1
310 2 849 283 892 301 -1 -1 -1 -1
310 3 1311 353 1338 377 -1 -1 -1 -1
311 1 525 183 547 192 -1 -1 -1 -1
311 2 851 284 891 302 -1 -1 -1 -1
311 3 1311 353 1339 377 -1 -1 -1 -1
312 1 524 183 548 192 -1 -1 -1 -1
312 2 843 284 892 302 -1 -1 -1 -1
312 3 1314 352 1341 377 -1 -1 -1 -1
313 1 525 183 544 192 -1 -1 -1 -1
313 2 846 284 893 302 -1 -1 -1 -1
313 3 1308 351 1341 377 -1 -1 -1 -1
314 1 521 184 544 193 -1 -1 -1 -1
314 2 844 283 894 301 -1 -1 -1 -1
314 3 1310 351 1341 379 -1 -1 -1 -1
315 1 521 183 539 193 -1 -1 -1 -1
315 2 849 284 895 302 -1 -1 -1 -1
315 3 1310 351 1340 377 -1 -1 -1 -1
316 1 521 185 546 194 -1 -1 -1 -1
316 2 853 283 895 302 -1 -1 -1 -1
316 3 1307 350 1341 379 -1 -1 -1 -1
317 1 521 185 539 192 -1 -1 -1 -1
317 2 853 284 895 301 -1 -1 -1 -1
317 3 1310 350 1340 378 -1 -1 -1 -1
318 1 520 185 542 194 -1 -1 -1 -1
318 2 850 284 897 301 -1 -1 -1 -1
318 3 1311 354 1341 378 -1 -1 -1 -1
319 1 519 184 547 194 -1 -1 -1 -1
319 2 850 282 898 302 -1 -1 -1 -1
319 3 1308 353 1344 377 -1 -1 -1 -1
320 1 520 186 536 194 -1 -1 -1 -1
320 2 853 283 898 303 -1 -1 -1 -1
